hips	matrix	.279	.702	-.650	0	-.953	.256	-.132	0	.074	.658	.745	0	0	0	0	1
thigh.L	matrix	.130	.979	.175	0	-.667	-.045	.747	0	.735	-.214	.644	0	0	0	0	1
quadriceps.L	matrix	.995	-.080	0	0	.102	.775	-.054	0	.005	.042	.998	0	0	0	0	1
knee_fan.L	matrix	1.001	.008	0	0	-.008	.999	-.012	0	0	.012	.999	0	0	0	0	1
shin.L	matrix	.837	.003	-.548	0	-.014	1.002	-.015	0	.547	.021	.836	0	0	0	0	1
soleus.L	matrix	1.107	-.035	0	0	.042	.897	.079	0	-.003	-.072	.997	0	0	0	0	1
foot.L	matrix	.992	-.042	.112	0	.108	.716	-.688	0	-.052	.693	.715	0	0	0	0	1
toe.L	matrix	.999	0	-.031	0	-.006	.979	-.200	0	.031	.200	.979	0	0	0	0	1
thigh.R	matrix	-.280	-.957	-.112	0	.933	-.299	.219	0	-.242	-.042	.972	0	0	0	0	1
quadriceps.R	matrix	.998	.029	0	0	-.040	.731	-.021	0	0	.015	.999	0	0	0	0	1
knee_fan.R	matrix	.999	.009	0	0	-.009	.999	.003	0	0	-.003	.999	0	0	0	0	1
shin.R	matrix	.937	.016	.347	0	-.018	1.001	0	0	-.347	-.006	.936	0	0	0	0	1
soleus.R	matrix	1.132	-.017	0	0	.022	.877	.094	0	-.002	-.083	.995	0	0	0	0	1
foot.R	matrix	.961	-.203	.178	0	.268	.631	-.725	0	.034	.744	.662	0	0	0	0	1
toe.R	matrix	.996	.052	-.061	0	-.011	.840	.543	0	.080	-.541	.838	0	0	0	0	1
spine	matrix	.943	-.344	-.039	0	.344	.944	-.007	0	.038	-.007	1.002	0	0	0	0	1
spine-1	matrix	.887	-.333	-.309	0	.317	.940	-.101	0	.325	-.008	.944	0	0	0	0	1
chest	matrix	.991	-.126	.049	0	.127	.991	-.029	0	-.045	.036	.998	0	0	0	0	1
chest-1	matrix	1.001	0	0	0	0	.995	.093	0	0	-.093	.995	0	0	0	0	1
upper_arm.R	matrix	.920	-.009	.39	0	.132	.947	-.290	0	-.367	.318	.873	0	0	0	0	1
elbow_fan.R	matrix	.955	-.293	.042	0	.296	.951	-.088	0	-.014	.097	.995	0	0	0	0	1
lat_dorsi.R	matrix	.971	-.282	0	0	.263	.830	-.456	0	.132	.418	.906	0	0	0	0	1
forearm.R	matrix	.653	-.457	.603	0	.447	.876	.178	0	-.610	.153	.776	0	0	0	0	1
hand.R	matrix	.699	-.173	.693	0	.032	.977	.210	0	-.714	-.125	.688	0	0	0	0	1
f_pinky.02.R	matrix	.999	-.003	.025	0	-.003	.969	.245	0	-.025	-.246	.968	0	0	0	0	1
f_pinky.03.R	matrix	.997	-.020	.068	0	-.013	.887	.459	0	-.069	-.459	.885	0	0	0	0	1
f_middle.02.R	matrix	.999	.021	-.006	0	-.021	.997	.073	0	.008	-.073	.997	0	0	0	0	1
f_middle.03.R	matrix	.999	.019	.002	0	-.019	.994	.103	0	0	-.103	.994	0	0	0	0	1
f_index.01.R	matrix	.999	.017	.006	0	-.017	.997	.064	0	-.004	-.065	.997	0	0	0	0	1
f_index.02.R	matrix	.999	.011	-.001	0	-.011	.998	.057	0	.001	-.057	.998	0	0	0	0	1
f_ring.01.R	matrix	.999	0	.011	0	0	.998	.051	0	-.011	-.051	.998	0	0	0	0	1
f_ring.02.R	matrix	.998	-.017	.044	0	.009	.981	.192	0	-.046	-.192	.980	0	0	0	0	1
f_ring.03.R	matrix	.998	-.018	.055	0	.008	.981	.189	0	-.058	-.188	.980	0	0	0	0	1
thumb.02.R	matrix	.997	-.070	-.002	0	.071	.994	.071	0	-.002	-.070	.997	0	0	0	0	1
scapula.R	matrix	.705	0	.708	0	0	1	0	0	-.708	0	.705	0	0	0	0	1
upper_arm.L	matrix	.347	.118	-.927	0	-.562	.817	-.106	0	.747	.561	.351	0	0	0	0	1
elbow_fan.L	matrix	.974	.234	-.011	0	-.234	.973	-.030	0	.003	.032	1.001	0	0	0	0	1
lat_dorsi.L	matrix	.773	.641	0	0	-.175	.235	-.942	0	-.581	.782	.283	0	0	0	0	1
forearm.L	matrix	.865	.441	-.244	0	-.442	.897	.052	0	.241	.063	.970	0	0	0	0	1
hand.L	matrix	.362	-.065	-.927	0	-.102	.987	-.110	0	.923	.134	.352	0	0	0	0	1
f_pinky.01.L	matrix	.998	.034	.051	0	-.047	.954	.294	0	-.038	-.297	.953	0	0	0	0	1
f_pinky.02.L	matrix	.999	.035	.008	0	-.036	.893	.447	0	.008	-.447	.895	0	0	0	0	1
f_pinky.03.L	matrix	.998	.043	-.043	0	-.026	.945	.324	0	.054	-.322	.945	0	0	0	0	1
f_middle.01.L	matrix	1	.004	0	0	-.005	.991	.127	0	0	-.127	.991	0	0	0	0	1
f_middle.02.L	matrix	.999	.015	.001	0	-.015	.983	.179	0	.001	-.179	.983	0	0	0	0	1
f_ring.01.L	matrix	.999	.011	0	0	-.011	.986	.163	0	0	-.163	.986	0	0	0	0	1
f_ring.02.L	matrix	.998	.057	.020	0	-.060	.858	.508	0	.012	-.509	.860	0	0	0	0	1
f_ring.03.L	matrix	.999	.026	-.006	0	-.024	.976	.214	0	.012	-.214	.976	0	0	0	0	1
thumb.02.L	matrix	.986	.162	-.034	0	-.163	.985	-.038	0	.028	.044	.998	0	0	0	0	1
scapula.L	matrix	.761	0	-.648	0	0	1	0	0	.648	0	.761	0	0	0	0	1
stomach	matrix	.976	-.308	0	0	.341	.883	.005	0	-.001	-.005	1.035	0	0	0	0	1
pectoralis.R	matrix	1.007	-.030	0	0	.032	.985	-.019	0	0	.019	1.008	0	0	0	0	1
pectoralis.L	matrix	1.019	.047	0	0	-.051	.959	-.039	0	-.001	.037	1.02	0	0	0	0	1
neck	matrix	.929	-.182	.319	0	.186	.982	.020	0	-.317	.040	.947	0	0	0	0	1
trapezius1.R	matrix	1.045	.035	0	0	-.039	.875	-.301	0	-.011	.263	1.002	0	0	0	0	1
trapezius1.L	matrix	.967	-.007	0	0	.006	1.029	.265	0	-.001	-.293	.930	0	0	0	0	1
platysma.R	matrix	1.025	-.210	0	0	.246	.877	-.030	0	.007	.025	1.053	0	0	0	0	1
platysma.L	matrix	.937	-.236	0	0	.208	1.06	-.030	0	.006	.033	.959	0	0	0	0	1
head	matrix	.992	-.084	.100	0	.047	.941	.331	0	-.122	-.324	.937	0	0	0	0	1
gluteus.R	matrix	.598	-.804	-.024	0	.804	.597	.004	0	.011	-.021	1.003	0	0	0	0	1
gluteus.L	matrix	.773	.622	.145	0	-.635	.769	.087	0	-.057	-.159	.989	0	0	0	0	1
