thigh.L	matrix	0.9911	-0.1329	-0.0073	-0.0000	0.1325	0.9903	-0.0413	0.0000	0.0128	0.0400	0.9991	0.0000	0.0000	0.0000	0.0000	1.0000
foot.L	matrix	0.9903	0.0626	0.1242	0.0000	-0.0632	0.9980	0.0009	0.0000	-0.1239	-0.0088	0.9923	0.0000	0.0000	0.0000	0.0000	1.0000
thigh.R	matrix	0.9911	0.1329	0.0073	0.0000	-0.1325	0.9903	-0.0413	0.0000	-0.0128	0.0400	0.9991	0.0000	0.0000	0.0000	0.0000	1.0000
foot.R	matrix	0.9903	-0.0626	-0.1242	-0.0000	0.0632	0.9980	0.0009	-0.0000	0.1239	-0.0088	0.9923	0.0000	0.0000	0.0000	0.0000	1.0000
upper_arm.R	matrix	0.7039	0.7084	0.0516	-0.0000	-0.7089	0.7052	-0.0113	0.0000	-0.0443	-0.0286	0.9986	0.0000	0.0000	0.0000	0.0000	1.0000
forearm.R	matrix	1.0000	-0.0000	-0.0000	0.0000	0.0000	0.8209	0.5711	0.0000	-0.0000	-0.5711	0.8209	0.0000	0.0000	0.0000	0.0000	1.0000
upper_arm.L	matrix	0.7039	-0.7084	-0.0516	-0.0000	0.7089	0.7052	-0.0113	0.0000	0.0443	-0.0286	0.9986	0.0000	0.0000	0.0000	0.0000	1.0000
forearm.L	matrix	1.0000	0.0000	0.0000	-0.0000	-0.0000	0.8209	0.5711	-0.0000	-0.0000	-0.5711	0.8209	0.0000	0.0000	0.0000	0.0000	1.0000
