hips	matrix	.999	0	.015	0	0	.999	.035	0	-.015	-.035	.999	0	0	0	0	1
thigh.L	matrix	.994	-.011	-.103	0	.083	.672	.734	0	.061	-.739	.669	0	0	0	0	1
quadriceps.L	matrix	1	-.009	0	0	.011	.811	-.054	0	0	.044	.999	0	0	0	0	1
knee_fan.L	matrix	1	.008	-.002	0	-.009	.978	-.211	0	0	.211	.978	0	0	0	0	1
femoris.L	matrix	1.015	.016	0	0	-.017	.967	.075	0	.001	-.072	1.013	0	0	0	0	1
shin.L	matrix	.998	.036	.037	0	-.018	.910	-.414	0	-.048	.413	.909	0	0	0	0	1
soleus.L	matrix	.997	.001	0	0	-.001	1.003	-.005	0	0	.005	1	0	0	0	0	1
foot.L	matrix	1	0	-.001	0	0	.999	.035	0	.002	-.035	.999	0	0	0	0	1
thigh.R	matrix	.999	.036	-.021	0	-.039	.983	-.174	0	.014	.175	.984	0	0	0	0	1
quadriceps.R	matrix	1	.001	0	0	-.001	1.032	.027	0	0	-.028	.999	0	0	0	0	1
femoris.R	matrix	1.011	-.014	0	0	.014	.976	.060	0	0	-.058	1.009	0	0	0	0	1
knee_fan.R	matrix	.999	.031	-.008	0	-.032	.985	-.167	0	.002	.167	.985	0	0	0	0	1
shin.R	matrix	.997	.053	-.043	0	-.064	.942	-.328	0	.023	.33	.943	0	0	0	0	1
soleus.R	matrix	.991	-.002	0	0	.002	1.008	-.014	0	0	.014	.999	0	0	0	0	1
foot.R	matrix	1	0	.001	0	0	.995	.097	0	-.002	-.097	.995	0	0	0	0	1
toe.R	matrix	.999	-.003	.011	0	-.003	.873	.487	0	-.011	-.487	.872	0	0	0	0	1
spine-1	matrix	.958	.038	.280	0	-.036	.999	-.011	0	-.281	0	.959	0	0	0	0	1
chest	matrix	.999	-.031	-.001	0	.031	.995	.087	0	-.001	-.087	.996	0	0	0	0	1
chest-1	matrix	1	0	0	0	0	.995	.093	0	0	-.093	.995	0	0	0	0	1
upper_arm.R	matrix	.793	-.597	.114	0	.607	.786	-.108	0	-.025	.155	.987	0	0	0	0	1
elbow_fan.R	matrix	.980	-.197	-.013	0	.197	.979	.044	0	.004	-.046	.999	0	0	0	0	1
lat_dorsi.R	matrix	.796	-.602	0	0	.624	.764	.074	0	-.046	-.056	1.01	0	0	0	0	1
forearm.R	matrix	.899	-.366	-.237	0	.377	.926	.002	0	.218	-.091	.971	0	0	0	0	1
scapula.R	matrix	.801	0	.598	0	0	1	0	0	-.598	0	.801	0	0	0	0	1
upper_arm.L	matrix	.858	.463	.219	0	-.511	.797	.32	0	-.026	-.386	.921	0	0	0	0	1
elbow_fan.L	matrix	.998	.048	.016	0	-.050	.974	.220	0	-.005	-.221	.975	0	0	0	0	1
lat_dorsi.L	matrix	.948	.34	0	0	-.303	.789	.513	0	.178	-.464	.872	0	0	0	0	1
forearm.L	matrix	.992	.062	.105	0	-.101	.900	.422	0	-.069	-.430	.900	0	0	0	0	1
scapula.L	matrix	.801	0	-.598	0	0	1	0	0	.598	0	.801	0	0	0	0	1
stomach	matrix	.970	-.078	0	0	.071	1.039	-.153	0	.011	.166	.961	0	0	0	0	1
pectoralis.R	matrix	1.042	.004	0	0	-.004	.920	.002	0	0	-.002	1.042	0	0	0	0	1
pectoralis.L	matrix	1.02	-.059	0	0	.063	.955	.022	0	-.001	-.021	1.022	0	0	0	0	1
neck	matrix	.987	-.031	-.154	0	.023	.998	-.053	0	.156	.049	.986	0	0	0	0	1
trapezius1.R	matrix	.999	-.085	0	0	.085	.985	.100	0	-.008	-.099	.997	0	0	0	0	1
trapezius1.L	matrix	.999	-.064	0	0	.064	.992	-.081	0	.005	.080	.997	0	0	0	0	1
platysma.R	matrix	.997	.077	0	0	-.077	.995	.035	0	.002	-.035	.999	0	0	0	0	1
platysma.L	matrix	1.014	.054	0	0	-.057	.968	.007	0	0	-.007	1.015	0	0	0	0	1
gluteus.R	matrix	.999	.019	-.002	0	-.019	.995	-.088	0	0	.088	.996	0	0	0	0	1
gluteus.L	matrix	.999	-.034	-.025	0	.041	.913	.404	0	.008	-.405	.914	0	0	0	0	1
