Upperarm01.R	matrix	.974	.222	.028	0	-.177	.842	-.508	0	-.137	.49	.86	0	0	0	0	1
Loweram01.R	matrix	.996	-.054	.063	0	.025	.915	.400	0	-.079	-.396	.913	0	0	0	0	1
Upperarm01.L	matrix	.909	.404	.079	0	-.301	.784	-.541	0	-.282	.468	.835	0	0	0	0	1
Loweram01.L	matrix	.997	-.015	.062	0	.036	.938	-.339	0	-.052	.341	.938	0	0	0	0	1
Upperleg.R	matrix	.999	.007	-.031	0	-.015	.955	-.291	0	.028	.292	.955	0	0	0	0	1
Lowerleg01.R	matrix	.999	.021	-.023	0	-.025	.973	-.228	0	.018	.229	.973	0	0	0	0	1
Metatarsal2.R	matrix	.999	.016	0	0	-.016	.963	-.262	0	-.004	.262	.964	0	0	0	0	1
Toe2-1.R	matrix	.994	-.093	.034	0	.037	.671	.740	0	-.092	-.735	.671	0	0	0	0	1
Metatarsal1.R	matrix	.998	.029	.040	0	-.018	.965	-.259	0	-.047	.257	.965	0	0	0	0	1
Toe1-1.R	matrix	.989	.088	.115	0	-.144	.671	.726	0	-.013	-.734	.677	0	0	0	0	1
Metatarsal5.R	matrix	.996	-.016	-.081	0	-.004	.967	-.249	0	.083	.249	.964	0	0	0	0	1
Metatarsal4.R	matrix	.998	-.031	-.051	0	.016	.965	-.256	0	.057	.255	.965	0	0	0	0	1
Toe4-2.R	matrix	.991	.123	-.033	0	-.059	.671	.737	0	.113	-.729	.673	0	0	0	0	1
Metatarsal3.R	matrix	.999	-.007	-.024	0	.001	.965	-.262	0	.026	.262	.964	0	0	0	0	1
Toe3-1.R	matrix	.859	-.501	-.096	0	.456	.671	.582	0	-.227	-.545	.806	0	0	0	0	1
Upperleg.L	matrix	.997	.039	-.050	0	-.005	.833	.550	0	.063	-.549	.832	0	0	0	0	1
Lowerleg01.L	matrix	.998	-.029	.038	0	.040	.937	-.346	0	-.026	.347	.937	0	0	0	0	1
Heel.L	matrix	.999	.022	-.035	0	.007	.732	.68	0	.040	-.679	.732	0	0	0	0	1
Metatarsal5.L	matrix	.99	.017	-.135	0	.038	.914	.399	0	.130	-.401	.906	0	0	0	0	1
Metatarsal1.L	matrix	.996	.022	.079	0	-.054	.909	.413	0	-.063	-.416	.907	0	0	0	0	1
Metatarsal2.L	matrix	.999	.025	.011	0	-.027	.905	.420	0	0	-.421	.906	0	0	0	0	1
Metatarsal4.L	matrix	.995	-.020	-.095	0	.057	.910	.409	0	.079	-.412	.906	0	0	0	0	1
Metatarsal3.L	matrix	.999	.001	-.042	0	.016	.906	.419	0	.039	-.420	.906	0	0	0	0	1
