hips	matrix	1	0	0	0	0	.999	.012	0	0	-.012	.999	0	0	0	0	1
thigh.L	matrix	.993	-.004	-.113	0	.094	.582	.806	0	.063	-.811	.579	0	0	0	0	1
quadriceps.L	matrix	1	-.011	0	0	.014	.784	-.047	0	0	.037	.999	0	0	0	0	1
knee_fan.L	matrix	1	.001	-.001	0	-.002	.860	-.512	0	0	.512	.86	0	0	0	0	1
femoris.L	matrix	1.066	.022	0	0	-.027	.869	.172	0	.004	-.142	1.053	0	0	0	0	1
shin.L	matrix	.991	.118	.059	0	-.004	.475	-.880	0	-.132	.872	.471	0	0	0	0	1
soleus.L	matrix	.989	.002	0	0	-.002	1.011	-.021	0	0	.021	1.001	0	0	0	0	1
foot.L	matrix	1	-.003	-.001	0	.003	.991	.141	0	.001	-.141	.990	0	0	0	0	1
toe.L	matrix	1	0	0	0	0	.967	.253	0	.001	-.253	.967	0	0	0	0	1
thigh.R	matrix	.993	.090	-.074	0	-.114	.878	-.463	0	.024	.469	.882	0	0	0	0	1
quadriceps.R	matrix	1	.007	0	0	-.006	1.075	.085	0	0	-.091	.997	0	0	0	0	1
femoris.R	matrix	1.034	-.024	0	0	.026	.927	.123	0	-.003	-.111	1.028	0	0	0	0	1
knee_fan.R	matrix	.997	.063	-.037	0	-.072	.934	-.349	0	.013	.351	.937	0	0	0	0	1
shin.R	matrix	.989	.093	-.113	0	-.144	.746	-.648	0	.023	.657	.752	0	0	0	0	1
soleus.R	matrix	1.039	.008	0	0	-.008	.963	.044	0	0	-.042	.999	0	0	0	0	1
foot.R	matrix	.999	-.010	-.010	0	.007	.948	-.319	0	.012	.319	.948	0	0	0	0	1
toe.R	matrix	1.001	0	0	0	0	.991	.127	0	0	-.127	.991	0	0	0	0	1
spine	matrix	.997	0	-.072	0	0	.999	.027	0	.073	-.027	.996	0	0	0	0	1
spine-1	matrix	1	0	0	0	0	.993	-.113	0	0	.113	.994	0	0	0	0	1
chest	matrix	.994	-.007	-.102	0	-.003	.995	-.097	0	.103	.096	.989	0	0	0	0	1
upper_arm.R	matrix	.95	0	-.310	0	.249	.595	.762	0	.185	-.801	.565	0	0	0	0	1
elbow_fan.R	matrix	.999	-.033	.004	0	.033	.996	-.089	0	-.001	.088	.997	0	0	0	0	1
lat_dorsi.R	matrix	.953	.310	0	0	-.258	.782	.563	0	.176	-.532	.829	0	0	0	0	1
forearm.R	matrix	.996	-.055	.068	0	.067	.984	-.173	0	-.058	.177	.984	0	0	0	0	1
hand.R	matrix	.945	-.313	-.078	0	.318	.865	.382	0	-.051	-.387	.918	0	0	0	0	1
scapula.R	matrix	.984	0	.173	0	0	1	0	0	-.173	0	.984	0	0	0	0	1
clavicle.L	matrix	.988	.130	-.079	0	-.135	.989	-.057	0	.070	.068	.995	0	0	0	0	1
deltoid.L	matrix	.997	.043	.063	0	-.043	.999	.002	0	-.063	-.004	.998	0	0	0	0	1
upper_arm.L	matrix	.796	.516	-.313	0	-.592	.769	-.236	0	.118	.374	.919	0	0	0	0	1
elbow_fan.L	matrix	1	-.026	.022	0	.034	.893	-.449	0	-.008	.449	.894	0	0	0	0	1
lat_dorsi.L	matrix	.850	.527	0	0	-.521	.855	-.065	0	-.034	.056	.995	0	0	0	0	1
forearm.L	matrix	.997	-.044	.051	0	.068	.594	-.800	0	.005	.801	.596	0	0	0	0	1
hand.L	matrix	.950	.309	-.022	0	-.300	.937	.183	0	.078	-.166	.984	0	0	0	0	1
f_pinky.01.L	matrix	1	0	0	0	0	.779	-.626	0	0	.626	.779	0	0	0	0	1
f_pinky.02.L	matrix	1	0	0	0	0	.795	-.606	0	0	.606	.795	0	0	0	0	1
f_pinky.03.L	matrix	1	0	0	0	0	.506	-.861	0	0	.861	.506	0	0	0	0	1
f_middle.01.L	matrix	1	0	0	0	0	.779	-.626	0	0	.626	.779	0	0	0	0	1
f_middle.02.L	matrix	1	0	0	0	0	.795	-.606	0	0	.606	.795	0	0	0	0	1
f_middle.03.L	matrix	1	0	0	0	0	.506	-.861	0	0	.861	.506	0	0	0	0	1
f_index.01.L	matrix	1	0	0	0	0	.779	-.626	0	0	.626	.779	0	0	0	0	1
f_index.02.L	matrix	1	0	0	0	0	.795	-.606	0	0	.606	.795	0	0	0	0	1
f_index.03.L	matrix	1	0	0	0	0	.506	-.861	0	0	.861	.506	0	0	0	0	1
f_ring.01.L	matrix	1	0	0	0	0	.779	-.626	0	0	.626	.779	0	0	0	0	1
f_ring.02.L	matrix	1	0	0	0	0	.795	-.606	0	0	.606	.795	0	0	0	0	1
f_ring.03.L	matrix	1	0	0	0	0	.506	-.861	0	0	.861	.506	0	0	0	0	1
thumb.02.L	matrix	.999	0	.012	0	0	1	-.009	0	-.012	.01	.999	0	0	0	0	1
thumb.03.L	matrix	1.001	0	0	0	0	.506	-.860	0	0	.861	.506	0	0	0	0	1
scapula.L	matrix	.966	-.062	-.248	0	.047	.996	-.066	0	.251	.052	.966	0	0	0	0	1
trapezius2.L	matrix	.966	.039	0	0	-.035	1.068	-.043	0	-.001	.048	.965	0	0	0	0	1
stomach	matrix	1.027	.044	0	0	-.048	.939	.117	0	.005	-.108	1.021	0	0	0	0	1
pectoralis.R	matrix	.985	.108	0	0	-.105	1.013	-.003	0	0	.003	.990	0	0	0	0	1
pectoralis.L	matrix	1.03	.139	0	0	-.157	.905	-.096	0	-.014	.084	1.038	0	0	0	0	1
trapezius1.L	matrix	.988	.077	0	0	-.075	1.014	.041	0	.003	-.042	.990	0	0	0	0	1
gluteus.R	matrix	.998	.054	-.020	0	-.057	.969	-.241	0	.007	.242	.971	0	0	0	0	1
gluteus.L	matrix	.998	-.037	-.032	0	.047	.889	.457	0	.011	-.458	.889	0	0	0	0	1
