Upperarm01.R	matrix	.665	.733	.135	0	-.569	.616	-.543	0	-.482	.284	.827	0	0	0	0	1
Loweram01.R	matrix	.996	-.054	.063	0	.025	.915	.400	0	-.079	-.396	.913	0	0	0	0	1
Upperarm01.L	matrix	.612	.776	.140	0	-.576	.562	-.591	0	-.538	.282	.793	0	0	0	0	1
Loweram01.L	matrix	.997	-.015	.062	0	.036	.938	-.339	0	-.052	.341	.938	0	0	0	0	1
Upperleg.R	matrix	.996	0	-.080	0	-.054	.736	-.674	0	.059	.676	.734	0	0	0	0	1
Lowerleg01.R	matrix	.980	.008	-.195	0	-.195	0	-.980	0	-.007	1	.001	0	0	0	0	1
Metatarsal2.R	matrix	.999	.016	0	0	-.016	.963	-.262	0	-.004	.262	.964	0	0	0	0	1
Toe2-1.R	matrix	.994	-.093	.034	0	.037	.671	.740	0	-.092	-.735	.671	0	0	0	0	1
Metatarsal1.R	matrix	.998	.029	.040	0	-.018	.965	-.259	0	-.047	.257	.965	0	0	0	0	1
Toe1-1.R	matrix	.989	.088	.115	0	-.144	.671	.726	0	-.013	-.734	.677	0	0	0	0	1
Metatarsal5.R	matrix	.996	-.016	-.081	0	-.004	.967	-.249	0	.083	.249	.964	0	0	0	0	1
Metatarsal4.R	matrix	.998	-.031	-.051	0	.016	.965	-.256	0	.057	.255	.965	0	0	0	0	1
Toe4-2.R	matrix	.991	.123	-.033	0	-.059	.671	.737	0	.113	-.729	.673	0	0	0	0	1
Metatarsal3.R	matrix	.999	-.007	-.024	0	.001	.965	-.262	0	.026	.262	.964	0	0	0	0	1
Toe3-1.R	matrix	.859	-.501	-.096	0	.456	.671	.582	0	-.227	-.545	.806	0	0	0	0	1
Upperleg.L	matrix	.994	.084	-.069	0	.014	.530	.847	0	.107	-.842	.525	0	0	0	0	1
Lowerleg01.L	matrix	.998	-.030	.041	0	.044	.927	-.370	0	-.027	.371	.928	0	0	0	0	1
Heel.L	matrix	.999	0	.021	0	.008	.922	-.385	0	-.020	.385	.921	0	0	0	0	1
Metatarsal5.L	matrix	.996	.015	.078	0	.003	.970	-.240	0	-.080	.239	.967	0	0	0	0	1
Metatarsal1.L	matrix	.998	-.027	-.039	0	.017	.967	-.248	0	.044	.247	.967	0	0	0	0	1
Metatarsal2.L	matrix	.999	-.015	-.001	0	.015	.967	-.252	0	.004	.252	.967	0	0	0	0	1
Metatarsal4.L	matrix	.998	.029	.049	0	-.016	.967	-.246	0	-.055	.245	.967	0	0	0	0	1
Metatarsal3.L	matrix	.999	.007	.023	0	0	.966	-.251	0	-.025	.251	.967	0	0	0	0	1
