hips	matrix	.982	.183	.034	0	-.186	.973	.133	0	-.009	-.137	.990	0	0	0	0	1
thigh.L	matrix	.977	.132	.165	0	-.189	.897	.398	0	-.095	-.420	.902	0	0	0	0	1
quadriceps.L	matrix	.998	.050	0	0	-.056	.899	-.022	0	-.001	.020	.999	0	0	0	0	1
knee_fan.L	matrix	.999	.018	-.012	0	-.021	.924	-.381	0	.004	.381	.924	0	0	0	0	1
femoris.L	matrix	1.038	.030	0	0	-.034	.918	.130	0	.004	-.116	1.031	0	0	0	0	1
shin.L	matrix	.999	.038	-.022	0	-.042	.707	-.705	0	-.011	.705	.708	0	0	0	0	1
soleus.L	matrix	1.011	.057	0	0	-.059	.985	.013	0	0	-.012	1	0	0	0	0	1
foot.L	matrix	.922	.224	-.312	0	-.249	.968	-.038	0	.294	.113	.949	0	0	0	0	1
toe.L	matrix	.997	.052	-.054	0	-.021	.885	.464	0	.073	-.462	.883	0	0	0	0	1
thigh.R	matrix	.890	.273	.363	0	-.273	.960	-.052	0	-.363	-.052	.930	0	0	0	0	1
quadriceps.R	matrix	.994	.112	0	0	-.111	1.007	-.004	0	0	.004	1	0	0	0	0	1
soleus.R	matrix	1.001	.008	0	0	-.008	.999	0	0	0	0	1	0	0	0	0	1
foot.R	matrix	.998	-.023	-.049	0	.023	.999	0	0	.049	0	.998	0	0	0	0	1
chest	matrix	.964	-.261	-.031	0	.261	.965	-.004	0	.031	-.004	.999	0	0	0	0	1
chest-1	matrix	.996	-.085	-.005	0	.085	.988	.123	0	-.005	-.123	.992	0	0	0	0	1
clavicle.R	matrix	.99	.138	.025	0	-.136	.988	-.059	0	-.033	.055	.997	0	0	0	0	1
upper_arm.R	matrix	.840	-.413	-.350	0	.451	.891	.028	0	.300	-.182	.936	0	0	0	0	1
elbow_fan.R	matrix	1	-.018	-.008	0	.020	.964	.263	0	.002	-.264	.964	0	0	0	0	1
lat_dorsi.R	matrix	.982	-.286	0	0	.279	.794	.474	0	-.144	-.411	.916	0	0	0	0	1
forearm.R	matrix	.988	.040	-.148	0	.040	.862	.503	0	.148	-.503	.850	0	0	0	0	1
hand.R	matrix	.979	-.194	.053	0	.186	.974	.125	0	-.077	-.112	.990	0	0	0	0	1
f_pinky.01.R	matrix	.946	.285	-.151	0	-.315	.915	-.250	0	.067	.284	.956	0	0	0	0	1
f_pinky.02.R	matrix	.994	.060	-.091	0	-.104	.773	-.625	0	.032	.630	.774	0	0	0	0	1
f_pinky.03.R	matrix	.985	.064	-.159	0	-.165	.611	-.773	0	.048	.788	.613	0	0	0	0	1
f_middle.01.R	matrix	1	.005	0	0	-.005	.995	.091	0	0	-.091	.995	0	0	0	0	1
f_middle.02.R	matrix	.992	-.108	.052	0	.120	.889	-.441	0	.001	.444	.895	0	0	0	0	1
f_middle.03.R	matrix	.996	-.052	-.063	0	.025	.927	-.371	0	.078	.369	.926	0	0	0	0	1
f_index.01.R	matrix	.998	-.039	-.024	0	.044	.971	.233	0	.014	-.234	.972	0	0	0	0	1
f_index.02.R	matrix	.988	.141	-.048	0	-.138	.748	-.648	0	-.055	.647	.759	0	0	0	0	1
f_index.03.R	matrix	.996	.082	-.023	0	-.080	.794	-.602	0	-.031	.601	.798	0	0	0	0	1
f_ring.01.R	matrix	.990	.122	-.062	0	-.136	.930	-.339	0	.016	.344	.938	0	0	0	0	1
f_ring.02.R	matrix	.999	-.037	.014	0	.038	.791	-.609	0	.010	.609	.792	0	0	0	0	1
f_ring.03.R	matrix	.995	-.095	-.005	0	.016	.221	-.973	0	.094	.968	.221	0	0	0	0	1
thumb.01.R	matrix	.968	-.174	-.180	0	.170	.984	-.037	0	.184	.005	.982	0	0	0	0	1
thumb.02.R	matrix	1	0	.005	0	0	.976	-.214	0	-.005	.214	.976	0	0	0	0	1
scapula.R	matrix	.769	-.017	.638	0	.042	.998	-.024	0	-.637	.045	.769	0	0	0	0	1
clavicle.L	matrix	.993	-.045	.101	0	.034	.993	.109	0	-.105	-.105	.988	0	0	0	0	1
deltoid.L	matrix	.996	-.044	-.072	0	.039	.996	-.069	0	.075	.066	.994	0	0	0	0	1
upper_arm.L	matrix	.852	.424	.305	0	-.478	.868	.127	0	-.211	-.254	.943	0	0	0	0	1
elbow_fan.L	matrix	.991	.122	.039	0	-.128	.970	.203	0	-.013	-.207	.978	0	0	0	0	1
lat_dorsi.L	matrix	.968	.281	0	0	-.253	.815	.497	0	.143	-.461	.880	0	0	0	0	1
forearm.L	matrix	.924	.118	.361	0	-.243	.914	.324	0	-.292	-.388	.873	0	0	0	0	1
hand.L	matrix	.998	-.061	-.010	0	.062	.986	.155	0	.001	-.155	.988	0	0	0	0	1
f_pinky.01.L	matrix	.999	-.026	-.021	0	.021	.976	-.213	0	.026	.212	.976	0	0	0	0	1
f_pinky.02.L	matrix	.999	-.024	-.019	0	.019	.974	-.224	0	.024	.224	.974	0	0	0	0	1
f_pinky.03.L	matrix	.999	-.024	-.007	0	.023	.986	-.165	0	.011	.165	.986	0	0	0	0	1
f_middle.01.L	matrix	.999	.010	-.026	0	-.013	.996	-.085	0	.025	.085	.996	0	0	0	0	1
f_middle.02.L	matrix	.997	.011	-.071	0	-.024	.983	-.180	0	.068	.181	.981	0	0	0	0	1
f_middle.03.L	matrix	.996	.016	-.082	0	-.035	.972	-.231	0	.076	.233	.969	0	0	0	0	1
f_index.01.L	matrix	.989	.145	-.010	0	-.145	.988	-.029	0	.005	.030	.999	0	0	0	0	1
f_ring.01.L	matrix	.998	.035	-.034	0	-.040	.99	-.135	0	.029	.136	.990	0	0	0	0	1
f_ring.02.L	matrix	.996	.039	-.071	0	-.055	.971	-.228	0	.059	.231	.970	0	0	0	0	1
f_ring.03.L	matrix	.997	.042	-.061	0	-.056	.969	-.240	0	.049	.243	.968	0	0	0	0	1
thumb.01.L	matrix	.991	.114	.055	0	-.108	.988	-.109	0	-.067	.102	.992	0	0	0	0	1
thumb.02.L	matrix	.997	.040	-.063	0	-.050	.985	-.159	0	.055	.162	.985	0	0	0	0	1
thumb.03.L	matrix	.996	.054	-.068	0	-.068	.974	-.212	0	.054	.216	.974	0	0	0	0	1
scapula.L	matrix	.784	.045	-.619	0	.031	.993	.113	0	.62	-.108	.777	0	0	0	0	1
trapezius2.L	matrix	1.029	.018	0	0	-.019	.942	.043	0	0	-.039	1.029	0	0	0	0	1
trapezius2.R	matrix	1.011	.087	0	0	-.091	.966	-.003	0	0	.003	1.015	0	0	0	0	1
stomach	matrix	.951	-.264	0	0	.249	.990	-.124	0	.031	.126	.976	0	0	0	0	1
pectoralis.R	matrix	.991	.115	0	0	-.115	.997	-.016	0	-.001	.016	.997	0	0	0	0	1
pectoralis.L	matrix	1.016	-.143	0	0	.154	.931	.107	0	-.016	-.097	1.022	0	0	0	0	1
neck	matrix	.958	.170	.228	0	-.169	.985	-.025	0	-.23	-.014	.973	0	0	0	0	1
trapezius1.R	matrix	.989	.219	0	0	-.228	.939	-.101	0	-.022	.093	1.011	0	0	0	0	1
trapezius1.L	matrix	.998	.117	0	0	-.119	.977	.088	0	.010	-.086	1.002	0	0	0	0	1
platysma.R	matrix	.991	-.038	0	0	.037	1.014	-.041	0	.001	.041	.991	0	0	0	0	1
platysma.L	matrix	1.004	-.052	0	0	.053	.988	.037	0	-.001	-.036	1.004	0	0	0	0	1
head	matrix	.988	.016	.152	0	.004	.990	-.139	0	-.153	.138	.978	0	0	0	0	1
eye.L	matrix	.985	-.167	0	0	.167	.985	0	0	0	0	1	0	0	0	0	1
eye.R	matrix	.985	-.167	0	0	.167	.985	0	0	0	0	1	0	0	0	0	1
gluteus.R	matrix	.988	.148	.006	0	-.148	.988	.027	0	-.002	-.028	.999	0	0	0	0	1
gluteus.L	matrix	.995	.091	.030	0	-.095	.972	.214	0	-.010	-.216	.976	0	0	0	0	1
