version 3.03
Hider "hidden" "string depthfilter" ["midpoint"]
PixelSamples 1 1
PixelFilter "box" 1 1
ScreenWindow -10.0 10.0 -10.0 10.0
Format 256 256 1
Clipping 1 20.0
FrameBegin 1
Display "%DATAPATH%" "shadow" "z" "string compression" ["lzw"]
Transform [0.0 -0.0 1.0 -0.0 1.0 0.0 -0.0 0.0 0.0 1.0 0.0 -0.0 -0.0 0.0 10.0 1.0]
WorldBegin
ReadArchive "%WORLDPATH%"
WorldEnd
FrameEnd
FrameBegin 2
Display "%DATAPATH%" "shadow" "z" "float append" [1.0] "string compression" ["lzw"]
Transform [1.0 -0.0 0.0 -0.0 -0.0 -0.83146961230254524 -0.55557023301960218 0.0 0.0 0.55557023301960218 -0.83146961230254524 -0.0 -0.0 -1.2359904766334751e-16 10.0 1.0]
WorldBegin
ReadArchive "%WORLDPATH%"
WorldEnd
FrameEnd
FrameBegin 3
Display "%DATAPATH%" "shadow" "z" "float append" [1.0] "string compression" ["lzw"]
Transform [0.82139735679898529 0.27442008352822916 0.5 -0.0 0.57035636425277147 -0.39520542837801581 -0.72007380672880228 0.0 2.5505856107721486e-17 0.87664490367360737 -0.48113793538141564 -0.0 2.5343225781848661e-16 -3.7003820146930256e-16 9.9999999999999982 0.99999999999999989]
WorldBegin
ReadArchive "%WORLDPATH%"
WorldEnd
FrameEnd
FrameBegin 4
Display "%DATAPATH%" "shadow" "z" "float append" [1.0] "string compression" ["lzw"]
Transform [0.86177376016351859 -0.085708729389897542 -0.5 -0.0 -0.50729280134221377 -0.14559941282380501 -0.84938496848704148 0.0 -6.6136332521615778e-18 0.98562407879055625 -0.16895317489845371 -0.0 -2.2541918418689249e-16 4.4831759832275615e-17 10.0 1.0]
WorldBegin
ReadArchive "%WORLDPATH%"
WorldEnd
FrameEnd
FrameBegin 5
Display "%DATAPATH%" "shadow" "z" "float append" [1.0] "string compression" ["lzw"]
Transform [0.65419799020996305 -0.097596053225758525 0.75 -0.0 0.75632333667899276 0.084417786383622503 -0.64872848537492478 0.0 1.07742590890747e-18 0.99163937383347378 0.1290401188125461 -0.0 -1.6815975695250174e-16 -7.3779957837638577e-17 10.0 1.0]
WorldBegin
ReadArchive "%WORLDPATH%"
WorldEnd
FrameEnd
FrameBegin 6
Display "%DATAPATH%" "shadow" "z" "float append" [1.0] "string compression" ["lzw"]
Transform [0.95501320675159607 0.15952985592055571 -0.25000000000000006 -0.0 -0.29656327306332669 0.51372888389580607 -0.80506699033132401 0.0 6.2341624917916505e-19 0.84299042635200561 0.53792856503337305 -0.0 6.5756861761245844e-17 -3.0092031297335176e-16 10.0 1.0]
WorldBegin
ReadArchive "%WORLDPATH%"
WorldEnd
FrameEnd
FrameBegin 7
Display "%DATAPATH%" "shadow" "z" "float append" [1.0] "string compression" ["lzw"]
Transform [0.90684956825677399 -0.33929907243094964 0.24999999999999994 -0.0 0.42145445845607432 0.73007465259974136 -0.53792856503337316 0.0 -1.2942663434045709e-17 0.59318390156751899 0.8050669903313239 -0.0 -9.3566647485499033e-17 -4.2554935270056049e-16 10.0 1.0]
WorldBegin
ReadArchive "%WORLDPATH%"
WorldEnd
FrameEnd
FrameBegin 8
Display "%DATAPATH%" "shadow" "z" "float append" [1.0] "string compression" ["lzw"]
Transform [0.16956207278571644 0.63933457866176102 -0.75 -0.0 -0.985519509432772 0.10999974665531059 -0.12904011881254637 0.0 1.7123618061692939e-17 0.76101994209294943 0.64872848537492489 -0.0 5.475220971051798e-17 1.6306400674181989e-16 10.000000000000002 1.0]
WorldBegin
ReadArchive "%WORLDPATH%"
WorldEnd
FrameEnd
FrameBegin 9
Display "%DATAPATH%" "shadow" "z" "float append" [1.0] "string compression" ["lzw"]
Transform [-0.10731685522386544 -0.47207848138297925 0.875 -0.0 0.99422487023050266 -0.050956257037840832 0.094447696021838418 0.0 -1.8871894064825812e-18 0.88008259117189314 0.47482063215088538 -0.0 5.5226548160980382e-17 9.4542429440735987e-17 10.0 1.0]
WorldBegin
ReadArchive "%WORLDPATH%"
WorldEnd
FrameEnd
FrameBegin 10
Display "%DATAPATH%" "shadow" "z" "float append" [1.0] "string compression" ["lzw"]
Transform [-0.97523813221407996 0.18244337608034014 -0.12499999999999994 -0.0 -0.22115737716746511 -0.80452092352629367 0.55121275215002674 0.0 -4.2893748448957761e-18 0.56520836700530808 0.82494818132243486 -0.0 -9.8228716827186677e-17 -4.8268680719054648e-16 10.0 0.99999999999999989]
WorldBegin
ReadArchive "%WORLDPATH%"
WorldEnd
FrameEnd
FrameBegin 11
Display "%DATAPATH%" "shadow" "z" "float append" [1.0] "string compression" ["lzw"]
Transform [-0.89922607465557669 -0.22531637015433031 0.375 -0.0 0.43748424732728741 -0.46312605842913029 0.77079296010301923 0.0 -2.1684043449710089e-19 0.85717372063332331 0.51502739019941979 -0.0 1.9412639898352957e-16 -2.0545631168600309e-16 10.0 1.0]
WorldBegin
ReadArchive "%WORLDPATH%"
WorldEnd
FrameEnd
FrameBegin 12
Display "%DATAPATH%" "shadow" "z" "float append" [1.0] "string compression" ["lzw"]
Transform [-0.77466130701151636 0.096306071559425693 -0.625 -0.0 -0.63237635899771683 -0.11797497835879517 0.76562526412209819 0.0 5.1635128464622149e-18 0.98833549215943506 0.15229233381220281 -0.0 -2.8087612530952599e-16 5.7300084815858909e-17 10.0 1.0]
WorldBegin
ReadArchive "%WORLDPATH%"
WorldEnd
FrameEnd
FrameBegin 13
Display "%DATAPATH%" "shadow" "z" "float append" [1.0] "string compression" ["lzw"]
Transform [-0.77466130701151636 0.096306071559425527 0.625 -0.0 0.63237635899771683 0.11797497835879497 0.76562526412209819 0.0 -2.8595832299305183e-18 0.98833549215943517 -0.15229233381220256 -0.0 2.801781701609885e-16 5.236696493104987e-17 10.0 1.0]
WorldBegin
ReadArchive "%WORLDPATH%"
WorldEnd
FrameEnd
FrameBegin 14
Display "%DATAPATH%" "shadow" "z" "float append" [1.0] "string compression" ["lzw"]
Transform [-0.89922607465557669 -0.22531637015433018 -0.375 -0.0 -0.43748424732728736 0.46312605842913007 0.77079296010301934 0.0 1.9298798670241979e-17 0.85717372063332342 -0.51502739019941957 -0.0 -9.7144514654701197e-17 4.834999588199107e-16 10.0 0.99999999999999989]
WorldBegin
ReadArchive "%WORLDPATH%"
WorldEnd
FrameEnd
FrameBegin 15
Display "%DATAPATH%" "shadow" "z" "float append" [1.0] "string compression" ["lzw"]
Transform [-0.97523813221408018 0.18244337608034009 0.125 -0.0 0.22115737716746511 0.80452092352629356 0.55121275215002719 0.0 2.7782680669941055e-18 0.56520836700530841 -0.82494818132243486 -0.0 5.4210108624275222e-20 -1.2523890344923186e-16 10.0 1.0]
WorldBegin
ReadArchive "%WORLDPATH%"
WorldEnd
FrameEnd
FrameBegin 16
Display "%DATAPATH%" "shadow" "z" "float append" [1.0] "string compression" ["lzw"]
Transform [-0.10731685522386564 -0.4720784813829792 -0.875 -0.0 -0.99422487023050266 0.050956257037840916 0.094447696021838584 0.0 -8.9548323183724632e-18 0.88008259117189314 -0.47482063215088538 -0.0 -2.7592945289756088e-17 1.9689111452336761e-16 10.0 1.0]
WorldBegin
ReadArchive "%WORLDPATH%"
WorldEnd
FrameEnd
